TRE|AIS|แหลมทองโฮเต็ล|010603|0002|RO|310505||GSM|SR|MACRO|20030601|20050531|1111009042|0000054300|จ.สงขลา||12|12|0.00|0.00|276000.00|11500.00|0.00|0.00|0.00||00000000|09|0000000011500|00|0000000000000|20021201|138000.00|0.00|6900.00|0.00|0.00|0.00|276000.00|0.00|0.00|05|00|03
TRE|AIS|วังคัน|1111016810|0000|RO|1111016810||GSM|WR|MACRO|20021215|20051214|1111016810|0000054300|จ.สุพรรณบุรี||12|12|0.00|0.00|120000.00|3333.33|3508.77|0.00|0.00||00000000|08|0000000003509|00|0000000000000|20021215|42105.26|0.00|2105.26|0.00|0.00|0.00|120000.00|0.00|0.00|39|00|36
TCS|AIS|บางกอกใหญ่|BKK 060|0001|RO|BKK 060||GSM|BKK|MACRO|20021201|20051130|1111006110|0000053160|กรุงเทพ||12|12|0.00|0.00|801504.00|22264.00|0.00|0.00|0.00||00000000|08|0000000022264|00|0000000000000|20021201|267168.00|0.00|13358.40|0.00|534336.00|534336.00|267168.00|489808.00|423016.00|05|02|02
PRO|AIS|บางกอกใหญ่|BKK 060|0003|RO|BKK 060||GSM|BKK|MACRO|20021201|20051130|1111006110|0000053160|กรุงเทพ||12|12|0.00|0.00|801504.00|22264.00|0.00|0.00|0.00|Modify sub-contract from :01|00000000|08|0000000022264|00|0000000000000|20021201|267168.00|0.00|13358.40|0.00|267168.00|267168.00|534336.00|244904.00|445280.00|32|01|29
TCS|AIS|งามดูพลี|BKK 062|0001|RO|BKK 062||GSM|BKK|MACRO|20021201|20051130|1111006139|0000054300|กรุงเทพ||00|00|0.00|0.00|931392.00|25872.00|0.00|0.00|0.00||00000000|09|0000000025872|00|0000000000000|20021201|25782.00|0.00|1293.60|0.00|0.00|0.00|931392.00|0.00|0.00|30|00|00
TRN|AIS|งามดูพลี|BKK 062|0002|RO|BKK 062||GSM|BKK|MACRO|20021201|20051130|1111006139|0000053160|กทม.||00|00|0.00|0.00|931392.00|25872.00|0.00|0.00|0.00||00000000|09|0000000025872|00|0000000000000|20021201|25872.00|0.00|1293.60|0.00|0.00|0.00|931392.00|0.00|0.00|23|00|00
TRN|AIS|งามดูพลี|BKK 062|0003|RO|BKK 062||GSM|BKK|MACRO|20021201|20051130|1111006139|0000054300|กรุงเทพ||00|00|0.00|0.00|931392.00|25872.00|0.00|0.00|0.00|Modify sub-contract from :01|00000000|09|0000000025872|00|0000000000000|20021201|25782.00|0.00|1293.60|0.00|0.00|0.00|931392.00|0.00|0.00|09|00|00
TCS|AIS|สีลม 2|BKK 104|0001|RO|BKK 104||GSM|BKK|MACRO|20030101|20031231|1111002866|0000053160|กทม.||00|00|0.00|0.00|312000.00|26000.00|0.00|0.00|0.00||00000000|09|0000000026000|00|0000000000000|20030102|26000.00|0.00|1300.00|0.00|0.00|0.00|312000.00|0.00|0.00|36|00|00
TCS|AIS|อาคารศรีวรจักร|BKK 1216|0001|RO|BKK 1216||GSM|BKK|MACRO|20021101|20040731|1111012343|0000053160|กทม.||00|00|0.00|0.00|86100.00|4100.00|4315.79|0.00|0.00||00000000|09|0000000004316|00|0000000000000|20021201|4315.79|0.00|215.79|0.00|30210.53|30210.53|55889.47|0.00|0.00|07|07|00
TCS|AIS|วัดโพธิ์เรียง|BKK 1295|0001|RO|BKK 1295||GSM|BKK|MACRO|20021101|20040930|1111012993|0000053160|กทม.||00|00|0.00|0.00|69000.00|3000.00|3157.89|0.00|0.00||00000000|08|0000000003158|00|0000000000000|20021201|0.00|0.00|0.00|0.00|25263.12|25263.12|43736.88|0.00|0.00|08|08|00
TRN|AIS|วัดโพธิ์เรียง|BKK 1295|0002|RO|BKK 1295||GSM|BKK|MACRO|20021101|20040930|1111012993|0000053160|กทม.||00|00|0.00|0.00|69000.00|3000.00|3157.89|0.00|0.00|Modify sub-contract from :01|00000000|08|0000000003158|00|0000000000000|20021201|0.00|0.00|0.00|0.00|3157.89|3157.89|65842.11|0.00|0.00|01|01|00
TCS|AIS|วัดศรีเอี่ยม|BKK 1309|0001|RO|BKK 1309||GSM|BKK|MACRO|20021201|20040930|1211000872|0000053160|กทม.||00|00|0.00|0.00|110000.00|5000.00|0.00|0.00|0.00||00000000|09|0000000005000|00|0000000000000|20021201|5000.00|0.00|250.00|0.00|25000.00|25000.00|85000.00|0.00|0.00|05|05|00
TRN|AIS|วัดศรีเอี่ยม|BKK 1309|0002|RT|BKK 1309||GSM|BKK|MACRO|20021201|20040930|1111013401|0000053160|กทม.||00|00|0.00|0.00|11000.00|500.00|0.00|500.00|0.00||00000000|00|0000000000000|14|0000000000500|20021201|0.00|535.00|0.00|15.00|0.00|0.00|11000.00|0.00|0.00|14|00|00
PRO|AIS|วัดศรีเอี่ยม|BKK 1309|0007|RO|BKK 1309||GSM|BKK|MACRO|20021201|20040930|1211000872|0000053160|กทม.||00|00|0.00|0.00|110000.00|5000.00|0.00|0.00|0.00|Modify sub-contract from :01|00000000|09|0000000005000|00|0000000000000|20021201|5000.00|0.00|250.00|0.00|20000.00|20000.00|90000.00|0.00|0.00|04|04|00
TCS|AIS|ซอยหทัยราษฎร์|BKK 1500|0001|RO|BKK 1500||GSM|BKK|MACRO|20030101|20050731|1111015836|0000053160|กทม.||00|00|62000.00|0.00|2000.00|2000.00|2105.26|0.00|0.00||00000000|08|0000000002105|00|0000000000000|20030103|2105.26|0.00|105.26|0.00|39999.94|39999.94|37999.94|0.00|0.00|19|19|00
PRO|AIS|ซอยหทัยราษฎร์|BKK 1500|0002|RO|BKK 1500||GSM|BKK|MACRO|20030101|20050731|1111015836|0000053160|กทม.||00|00|62000.00|0.00|2000.00|2000.00|2105.26|0.00|0.00|Modify sub-contract from :01|00000000|08|0000000002105|00|0000000000000|20030103|2105.26|0.00|105.26|0.00|0.00|0.00|2000.00|0.00|0.00|01|00|00
TCS|AIS|เอกชัยซอย 59|BKK 1543|0001|RO|BKK 1543||CO_LOCATE|BKK|MACRO|20021116|20051115|1111013982|0000053160|กรุงเทพ||00|00|0.00|0.00|180000.00|5000.00|5263.16|0.00|0.00||00000000|08|0000000005263|00|0000000000000|20021115|5263.16|0.00|263.16|0.00|10526.32|10526.32|169473.68|0.00|0.00|02|02|00
PRO|AIS|เอกชัยซอย 59|BKK 1543|0002|RO|BKK 1543||CO_LOCATE|BKK|MACRO|20021116|20051115|1111013982|0000053160|กทม.||00|00|0.00|0.00|2000.00|2000.00|2105.26|0.00|0.00||00000000|08|0000000002105|00|0000000000000|20021215|2105.26|0.00|105.26|0.00|46315.72|46315.72|44315.72|0.00|0.00|22|22|00
PRO|AIS|เอกชัยซอย 59|BKK 1543|0003|RO|BKK 1543||CO_LOCATE|BKK|MACRO|20021116|20051115|1111013982|0000053160|กรุงเทพ||00|00|0.00|0.00|180000.00|5000.00|5263.16|0.00|0.00|Modify sub-contract from :01|00000000|08|0000000005263|00|0000000000000|20021115|5263.16|0.00|263.16|0.00|105263.20|105263.20|74736.80|0.00|0.00|20|20|00
PRO|AIS|ซอยสุขุมวิท 64|BKK 1693|0000|RO|BKK 1693|11|GSM|BKK|MACRO|20021115|20051114|1111016704|0000053160|กรุงเทพ||00|00|0.00|0.00|568420.92|15000.00|15789.47|0.00|0.00||00000000|09|0000000015789|00|0000000000000|20021115|15789.47|0.00|789.47|0.00|347368.34|347368.34|221052.58|0.00|0.00|22|22|00
PRO|AIS|ซอยร่วมใจ2|BKK 1694|0000|RO|BKK 1694||GSM|BKK|MACRO|20021115|20051114|1111016705|0000053160|กรุงเทพ||00|00|0.00|0.00|540000.00|15000.00|15789.47|0.00|0.00||00000000|08|0000000015789|00|0000000000000|20021115|15789.47|0.00|789.47|0.00|347368.34|347368.34|192631.66|0.00|0.00|22|22|00
PRO|AIS|ซอยสันติคาม2|BKK 1695|0000|RO|BKK 1695||GSM|BKK|MACRO|20021101|20051031|1111016706|0000053160|จ.สมุทรปราการ||00|00|30000.00|0.00|540000.00|15000.00|0.00|0.00|0.00||00000000|09|0000000010000|14|0000000005000|20021101|10000.00|5000.00|500.00|150.00|375000.00|375000.00|165000.00|0.00|0.00|23|47|00
PRO|AIS|ซอยแสนสุข 3|BKK 1696|0000|RO|BKK 1696||GSM|BKK|MACRO|20021201|20051130|1111016753|0000053160|กรุงเทพ||00|00|30000.00|0.00|540000.00|15000.00|0.00|0.00|0.00||00000000|08|0000000010000|13|0000000005000|20021201|10000.00|5000.00|500.00|150.00|390000.00|390000.00|150000.00|0.00|0.00|24|49|00
TCS|AIS|ซอยแสนสุข 3|BKK 1696|0001|RO|BKK 1696||GSM|BKK|MACRO|20021201|20051130|1111016753|0000053160|กรุงเทพ||00|00|30000.00|0.00|540000.00|15000.00|0.00|0.00|0.00||00000000|08|0000000010000|13|0000000005000|20021201|10000.00|5000.00|500.00|150.00|0.00|0.00|540000.00|0.00|0.00|01|00|00
PRO|AIS|ซอยแสนสุข 3|BKK 1696|0002|RO|BKK 1696||GSM|BKK|MACRO|20021201|20051130|1111016753|0000053160|กรุงเทพ||00|00|30000.00|0.00|540000.00|15000.00|0.00|0.00|0.00|Modify sub-contract from :01|00000000|08|0000000010000|13|0000000005000|20021201|10000.00|5000.00|500.00|150.00|0.00|0.00|540000.00|0.00|0.00|20|00|00
PRO|AIS|ซอยประชาสงเคราะห์29|BKK 1697|0000|RO|BKK 1697||GSM|BKK|MACRO|20021201|20051130|1111016751|0000053160|กรุงเทพ||00|00|36000.00|0.00|648000.00|18000.00|0.00|0.00|0.00||00000000|09|0000000012000|14|0000000006000|20021201|12000.00|6000.00|600.00|180.00|0.00|0.00|648000.00|0.00|0.00|01|00|00
PRO|AIS|จรัญสนิทวงศ์ซอย 13|BKK 1698|0000|RO|BKK 1698||GSM|BKK|MACRO|20021201|20051130|1111016764|0000053160|กทม.||00|00|30000.00|0.00|540000.00|15000.00|0.00|0.00|0.00||00000000|08|0000000015000|00|0000000000000|20021201|15000.00|0.00|750.00|0.00|390000.00|390000.00|150000.00|0.00|0.00|24|25|00
PRO|AIS|สนามบินน้ำ|BKK 1699|0000|RO|BKK 1699||GSM|BKK|MACRO|20021201|20051130|1111016766|0000053160|นนทบุรี||12|12|0.00|0.00|300000.00|8333.33|8771.93|0.00|0.00||00000000|08|0000000008772|00|0000000000000|20021201|105263.16|0.00|5263.16|0.00|315789.48|315789.48|15789.48|289473.69|26315.79|39|03|00
PRO|AIS|ซอยณรงค์กิจ|BKK 1700|0000|RO|BKK 1700||GSM|BKK|MACRO|20021201|20051130|1111016767|0000053160|กทม.||00|00|0.00|0.00|540000.00|15000.00|15789.47|0.00|0.00||00000000|08|0000000015789|00|0000000000000|20021201|15789.47|0.00|789.47|0.00|363157.81|363157.81|176842.19|0.00|0.00|23|23|00
PRO|AIS|ซอยป้าฟ้อนร่วมพัฒนา|BKK 1701|0000|RO|BKK 1701||GSM|BKK|MACRO|20021201|20051130|1111016765|0000053160|กทม.||00|00|0.00|0.00|540000.00|15000.00|0.00|0.00|0.00||00000000|08|0000000010000|13|0000000005000|20021201|10000.00|5000.00|500.00|150.00|345000.00|345000.00|195000.00|0.00|0.00|23|46|00
PRO|AIS|เพชรเกษมซอย 81|BKK 1702|0000|RO|BKK 1702||GSM|BKK|MACRO|20021201|20051130|1111016789|0000053160|กทม.||00|00|0.00|0.00|648000.00|18000.00|18773.74|0.00|0.00||00000000|08|0000000010526|13|0000000008247|20021201|10526.32|8247.42|526.32|247.42|431796.02|431796.02|216203.98|0.00|0.00|23|46|00
PRO|AIS|หมู่บ้านเปี่ยมสุขกรีนเลค|BKK 1703|0000|RO|BKK 1703||GSM|BKK|MACRO|20021201|20051130|1111016800|0000053160|ปทุมธานี||12|12|0.00|0.00|300000.00|8333.33|0.00|0.00|0.00||00000000|08|0000000005000|13|0000000003333|20021201|60000.00|40000.00|3000.00|1200.00|300000.00|300000.00|0.00|274999.89|24999.99|38|06|00
PRO|AIS|ซอยมิตรไมตรี 64|BKK 1704|0000|RO|BKK 1704||GSM|BKK|MACRO|20021201|20051130|1111016795|0000053160|สมุทรปราการ||00|00|30000.00|0.00|540000.00|15000.00|0.00|0.00|0.00||00000000|08|0000000010000|13|0000000005000|20021201|10000.00|5000.00|500.00|150.00|390000.00|390000.00|150000.00|0.00|0.00|24|49|00
PRO|AIS|ซอยเยาวราช|BKK 1705|0000|RO|BKK 1705||GSM|BKK|MACRO|20021201|20051130|1111016796|0000053160|กทม.||00|00|12000.00|0.00|432000.00|12000.00|0.00|0.00|0.00||00000000|09|0000000010000|14|0000000002000|20021201|10000.00|2000.00|500.00|60.00|300000.00|300000.00|132000.00|0.00|0.00|24|49|00
PRO|AIS|บึงคอไห|BKK 1706|0000|RO|BKK 1706||GSM|BKK|MACRO|20021201|20051130|1111016818|0000053160|ปทุมธานี||12|12|0.00|0.00|210000.00|5833.33|6140.35|0.00|0.00||00000000|08|0000000006140|00|0000000000000|20021201|73684.21|0.00|3684.21|0.00|221052.63|221052.63|11052.63|202631.55|18421.05|39|03|00
PRO|AIS|ซอยประชาอุทิศ 45|BKK 1707|0000|RO|BKK 1707||GSM|BKK|MACRO|20021215|20051214|1111016819|0000053160|กทม.||00|00|34000.00|0.00|612000.00|10000.00|0.00|0.00|0.00||00000000|08|0000000010000|13|0000000007000|20021215|10000.00|7000.00|500.00|210.00|425000.00|425000.00|187000.00|0.00|0.00|24|47|00
PRO|AIS|ท่าเรือราชวงศ์|BKK 1708|0000|RO|BKK 1708||GSM|BKK|MACRO|20021201|20051130|1111013729|0000053160|กทม.||00|00|10000.00|0.00|180000.00|5000.00|0.00|0.00|0.00||00000000|08|0000000005000|00|0000000000000|20021201|5000.00|0.00|250.00|0.00|125000.00|125000.00|55000.00|0.00|0.00|24|24|00
PRO|AIS|ซอยลูกหลวง 5|BKK 1709|0000|RO|BKK 1709||GSM|BKK|MACRO|20021215|20051214|1111016836|0000053160|กทม.||00|00|30000.00|0.00|540000.00|15000.00|0.00|10000.00|0.00||00000000|08|0000000010000|13|0000000005000|20021215|10000.00|5000.00|500.00|150.00|345000.00|345000.00|195000.00|0.00|0.00|22|43|00
TCS|AIS|แฟชั่นไอแลนด์|BKK 274|0001|RO|BKK 274||GSM|BKK|MACRO|20021101|20051031|1111001513|0000053160|กทม.||12|12|0.00|0.00|277200.00|7700.00|0.00|0.00|0.00||00000000|09|0000000007700|00|0000000000000|20021201|92400.00|0.00|4620.00|0.00|92400.00|92400.00|184800.00|77000.00|77000.00|01|01|02
PRO|AIS|แฟชั่นไอแลนด์|BKK 274|0002|RO|BKK 274||GSM|BKK|MACRO|20021101|20051031|1111001513|0000053160|กทม.||12|12|0.00|0.00|277200.00|7700.00|0.00|0.00|0.00|Modify sub-contract from :01|00000000|09|0000000007700|00|0000000000000|20021201|92400.00|0.00|4620.00|0.00|184800.00|184800.00|92400.00|169400.00|69300.00|33|02|30
TCS|AIS|อำนวยสงคราม(ดาดฟ้า)|BKK 277.1|0001|RO|BKK 277.1||GSM|BKK|MACRO|20021115|20041114|1111006111|0000053160|กทม.||12|12|0.00|0.00|91080.00|3795.00|0.00|0.00|0.00||00000000|08|0000000003795|00|0000000000000|20021227|45540.00|0.00|2277.00|0.00|0.00|0.00|91080.00|0.00|0.00|36|00|34
PRO|AIS|อำนวยสงคราม(ดาดฟ้า)|BKK 277.1|0002|RO|BKK 277.1||GSM|BKK|MACRO|20021115|20041114|1111006111|0000053160|กทม.||12|12|0.00|0.00|91080.00|3795.00|0.00|0.00|0.00|Modify sub-contract from :01|00000000|08|0000000003795|00|0000000000000|20021227|45540.00|0.00|2277.00|0.00|45540.00|45540.00|45540.00|41745.00|37950.00|22|01|20
TCS|AIS|ประตูน้ำ|BKK 280|0001|RO|BKK 280||GSM|BKK|MACRO|20021201|20051130|1111006112|0000053160|กรุงเทพ||12|12|0.00|0.00|1425600.00|39600.00|0.00|0.00|0.00||00000000|08|0000000039600|00|0000000000000|20021201|475200.00|0.00|23760.00|0.00|1425600.00|1425600.00|0.00|1306800.00|237600.00|30|03|00
PRO|AIS|ประตูน้ำ|BKK 280|0003|RO|BKK 280||GSM|BKK|MACRO|20021201|20051130|1111006112|0000053160|กรุงเทพ||12|12|0.00|0.00|1425600.00|39600.00|0.00|0.00|0.00|Modify sub-contract from :01|00000000|08|0000000039600|00|0000000000000|20021201|475200.00|0.00|23760.00|0.00|0.00|0.00|1425600.00|0.00|356400.00|09|00|06
TCS|AIS|ม.เกษตร|BKK 350|0001|RO|BKK 350||GSM|BKK|MACRO|20021201|20051130|1111006195|0000053160|กรุงเทพ||00|00|0.00|0.00|712800.00|19800.00|0.00|0.00|0.00||00000000|00|0000000019800|00|0000000000000|20021201|19800.00|0.00|9900.00|0.00|0.00|0.00|712800.00|0.00|0.00|30|00|00
TRN|AIS|ม.เกษตร|BKK 350|0003|RO|BKK 350||GSM|BKK|MACRO|20021201|20051130|1111006195|0000053160|กรุงเทพ||00|00|0.00|0.00|712800.00|19800.00|0.00|0.00|0.00|Modify sub-contract from :01|00000000|00|0000000019800|00|0000000000000|20021201|19800.00|0.00|9900.00|0.00|0.00|0.00|712800.00|0.00|0.00|09|00|00
TRE|AIS|สนามกีฬากองทัพบก|BKK 383|0002|MO|BKK 383||GSM|BKK|MICRO|20021201|20021231|1111008887|0000054300|กรุงเทพ||00|00|0.00|0.00|200000.00|16666.67|0.00|0.00|0.00||00000000|00|0000000000000|00|0000000000000|20021201|200000.00|0.00|0.00|0.00|0.00|0.00|200000.00|0.00|0.00|19|00|00
TRN|AIS|สนามกีฬากองทัพบก|BKK 383|0005|RO|BKK 383||GSM|BKK|MICRO|20021201|20051130|1111008887|0000053160|กรุงเทพ||12|12|30000.00|0.00|900000.00|25000.00|0.00|0.00|0.00|Modify sub-contract from :01|00000000|00|0000000000000|00|0000000000000|20021201|300000.00|0.00|0.00|0.00|0.00|0.00|900000.00|0.00|400000.00|16|00|13
TCS|AIS|ศูนย์ประชุมแห่งชาติสิริกิตต์|BKK 446|0001|RT|BKK 446||GSM|BKK|MACRO|20021115|20021130|1111001116|0000053160|กรุงเทพ||00|00|0.00|0.00|1333.00|1333.00|0.00|1331.00|0.00||00000000|00|0000000000000|14|0000000001333|20021115|0.00|1426.31|0.00|39.99|0.00|0.00|1333.00|0.00|0.00|03|00|00
TCS|AIS|อุรุพงษ์(ซอยพญานาค)|BKK 546|0001|RO|BKK 546||GSM|BKK|MACRO|20021201|20051130|1111006158|0000053160|กรุงเทพ||00|00|0.00|0.00|1188000.00|33000.00|18947.37|0.00|0.00||00000000|08|0000000018947|13|0000000015464|20021201|18947.37|15463.92|947.37|463.92|0.00|0.00|1188000.00|0.00|0.00|30|00|00
TCS|AIS|ม.เกษตร|BKK 550|0001|RO|BKK 550||GSM|BKK|MACRO|20021201|20051130|1111006195|0000053160|กรุงเทพ||00|00|0.00|0.00|712800.00|19800.00|0.00|0.00|0.00||00000000|08|0000000019800|00|0000000000000|20021201|19800.00|0.00|990.00|0.00|0.00|0.00|712800.00|0.00|0.00|30|00|00
PRO|AIS|ม.เกษตร|BKK 550|0002|RO|BKK 550||GSM|BKK|MACRO|20021201|20051130|1111006195|0000053160|กรุงเทพ||00|00|0.00|0.00|712800.00|19800.00|0.00|0.00|0.00|Modify sub-contract from :01|00000000|08|0000000019800|00|0000000000000|20021201|19800.00|0.00|990.00|0.00|455400.00|455400.00|257400.00|0.00|0.00|23|23|00
TCS|AIS|สนามบินน้ำ(ซอยแก้วพลอย)|BKK 551|0001|RO|BKK 551||GSM|BKK|MACRO|20021201|20051130|1111006196|0000053160|นนทบุรี||12|12|0.00|0.00|220500.00|6125.00|0.00|0.00|0.00||00000000|08|0000000006125|00|0000000000000|20021201|73500.00|0.00|3675.00|0.00|220500.00|220500.00|0.00|202125.00|36750.00|30|03|00
PRO|AIS|สนามบินน้ำ(ซอยแก้วพลอย)|BKK 551|0002|RO|BKK 551||GSM|BKK|MACRO|20021201|20051130|1111006196|0000053160|นนทบุรี||12|12|0.00|0.00|220500.00|6125.00|0.00|0.00|0.00|Modify sub-contract from :01|00000000|08|0000000006125|00|0000000000000|20021201|73500.00|0.00|3675.00|0.00|0.00|0.00|220500.00|0.00|55125.00|09|00|06
TCS|AIS|เอกชัย (ซอยบุญมงคล|BKK 553|0001|RO|BKK 553||GSM|BKK|MACRO|20021201|20051130|1111006284|0000053160|กรุงเทพ||00|00|0.00|0.00|720000.00|20000.00|0.00|0.00|0.00||00000000|08|0000000020000|00|0000000000000|20021201|20000.00|0.00|1000.00|0.00|460000.00|460000.00|260000.00|0.00|0.00|23|23|00
PRO|AIS|เอกชัย (ซอยบุญมงคล|BKK 553|0002|RO|BKK 553||GSM|BKK|MACRO|20021201|20051130|1111006284|0000053160|กรุงเทพ||00|00|0.00|0.00|720000.00|20000.00|0.00|0.00|0.00|Modify sub-contract from :01|00000000|08|0000000020000|00|0000000000000|20021201|20000.00|0.00|1000.00|0.00|0.00|0.00|720000.00|0.00|0.00|09|00|00
TCS|AIS|ถ.รัตนโกสินทร์200 ปี|BKK 554|0001|RO|BKK 554||GSM|BKK|MACRO|20021201|20051130|1111006287|0000053160|สมุทรปราการ||12|12|0.00|0.00|396000.00|11000.00|0.00|0.00|0.00||00000000|08|0000000011000|00|0000000000000|20021201|132000.00|0.00|6600.00|0.00|396000.00|396000.00|0.00|363000.00|66000.00|30|03|00
PRO|AIS|ถ.รัตนโกสินทร์200 ปี|BKK 554|0002|RO|BKK 554||GSM|BKK|MACRO|20021201|20051130|1111006287|0000053160|สมุทรปราการ||12|12|0.00|0.00|396000.00|11000.00|0.00|0.00|0.00|Modify sub-contract from :01|00000000|08|0000000011000|00|0000000000000|20021201|132000.00|0.00|6600.00|0.00|0.00|0.00|396000.00|0.00|99000.00|09|00|06
TCS|AIS|หมู่บ้านปัญญา|BKK 555|0001|RO|BKK 555||GSM|BKK|MACRO|20021215|20051214|1111006269|0000053160|กทม.||00|00|0.00|0.00|990000.00|27500.00|28947.37|0.00|0.00||00000000|08|0000000028947|00|0000000000000|20021215|28947.37|0.00|1447.37|0.00|665789.51|665789.51|324210.49|0.00|0.00|23|23|00
PRO|AIS|หมู่บ้านปัญญา|BKK 555|0003|RO|BKK 555||GSM|BKK|MACRO|20021215|20051214|1111006269|0000053160|กทม.||00|00|0.00|0.00|990000.00|27500.00|28947.37|0.00|0.00|Modify sub-contract from :01|00000000|08|0000000028947|00|0000000000000|20021215|28947.37|0.00|1447.37|0.00|0.00|0.00|990000.00|0.00|0.00|09|00|00
TCS|AIS|ศูนย์แสดงสินค้านานาชาติ อิมแพค|BKK 556|0001|RO|BKK 556||GSM|BKK|MICRO|20030101|20051231|1111006511|0000053160|นนทบุรี||12|12|0.00|0.00|336600.00|9350.00|0.00|0.00|0.00||00000000|09|0000000009350|00|0000000000000|20030102|112200.00|0.00|5610.00|0.00|0.00|0.00|336600.00|0.00|0.00|36|00|33
PRO|AIS|ศูนย์แสดงสินค้านานาชาติ อิมแพค|BKK 556|0002|RO|BKK 556||GSM|BKK|MICRO|20030101|20051231|1111006511|0000053160|นนทบุรี||12|12|0.00|0.00|336600.00|9350.00|0.00|0.00|0.00|Modify sub-contract from :01|00000000|09|0000000009350|00|0000000000000|20030102|112200.00|0.00|5610.00|0.00|112200.00|112200.00|224400.00|102850.00|205700.00|34|01|31
TCS|AIS|สยามสแควร์ ซอย2|BKK 557|0001|RO|BKK 557||GSM|BKK|MACRO|20021201|20041130|1111006297|0000053160|กทม.||12|12|0.00|0.00|80500.00|3354.17|0.00|0.00|0.00||00000000|09|0000000003354|00|0000000000000|20021201|40250.00|0.00|2012.50|0.00|80500.00|80500.00|0.00|73791.74|23479.19|17|02|00
PRO|AIS|สยามสแควร์ ซอย2|BKK 557|0002|RO|BKK 557||GSM|BKK|MACRO|20041201|20050331|1111006297|0000053160|กทม.||04|04|0.00|0.00|13416.68|3354.17|0.00|0.00|0.00||00000000|09|0000000003357|00|0000000000000|20021201|13416.68|0.00|670.83|0.00|13416.68|13416.68|0.00|10062.51|3354.17|05|01|00
PRO|AIS|สยามสแควร์ ซอย2|BKK 557|0003|RO|BKK 557||GSM|BKK|MACRO|20021201|20041130|1111006297|0000053160|กทม.||12|12|0.00|0.00|80500.00|3354.17|0.00|0.00|0.00|Modify sub-contract from :01|00000000|09|0000000003354|00|0000000000000|20021201|40250.00|0.00|2012.50|0.00|0.00|0.00|80500.00|0.00|30187.53|09|00|07
TCS|AIS|ซอยสวนพลู|BKK 558|0001|RO|BKK 558||GSM|BKK|MACRO|20021201|20051130|1111006335|0000053160|กรุงเทพ||00|00|3000.00|0.00|594000.00|16500.00|17368.42|0.00|0.00||00000000|08|0000000017368|00|0000000000000|20021201|17368.42|0.00|868.42|0.00|20368.42|20368.42|573631.58|0.00|0.00|01|02|00
TCS|AIS|สี่แยกคอกวัว|BKK 560|0001|RO|BKK 560||GSM|BKK|MICRO|20021128|20031127|1111009549|0000053160|กรุงเทพ||12|12|0.00|0.00|100000.00|8333.33|8771.93|0.00|0.00||00000000|08|0000000008772|00|0000000000000|20021128|105263.16|0.00|5263.16|0.00|105263.16|105263.16|5263.16|96491.23|78947.37|03|01|00
PRO|AIS|สี่แยกคอกวัว|BKK 560|0002|RO|BKK 560||GSM|BKK|MICRO|20021128|20031127|1111009549|0000053160|กรุงเทพ||12|12|0.00|0.00|100000.00|8333.33|8771.93|0.00|0.00|Modify sub-contract from :01|00000000|08|0000000008772|00|0000000000000|20021128|105263.16|0.00|5263.16|0.00|0.00|0.00|100000.00|0.00|52631.58|06|00|05
TCS|AIS|หมู่บ้านบางนาวิลล่า(ดาดฟ้า)|BKK 562|0001|RO|BKK 562||GSM|BKK|MACRO|20021201|20051130|1111006444|0000053160|กทม.||00|00|0.00|0.00|396000.00|11000.00|0.00|0.00|0.00||00000000|08|0000000011000|00|0000000000000|20021201|11000.00|0.00|0.00|0.00|55000.00|55000.00|341000.00|0.00|0.00|05|05|00
TCS|AIS|หมู่บ้านบางนาวิลล่า(ห้อง)|BKK 562.1|0001|RO|BKK 562.1||GSM|BKK|MACRO|20021201|20051130|1111006445|0000053160|กทม.||00|00|0.00|0.00|594000.00|16500.00|0.00|0.00|0.00||00000000|08|0000000016500|00|0000000000000|20021201|16500.00|0.00|825.00|0.00|379500.00|379500.00|214500.00|0.00|0.00|23|23|00
PRO|AIS|หมู่บ้านบางนาวิลล่า(ห้อง)|BKK 562.1|0002|RO|BKK 562.1||GSM|BKK|MACRO|20021201|20051130|1111006445|0000053160|กทม.||00|00|0.00|0.00|594000.00|16500.00|0.00|0.00|0.00|Modify sub-contract from :01|00000000|08|0000000016500|00|0000000000000|20021201|16500.00|0.00|825.00|0.00|0.00|0.00|594000.00|0.00|0.00|09|00|00
TCS|AIS|แยกอังรีดูนังต์|BKK 563|0001|RO|BKK 563||GSM|BKK|MICRO|20021201|20051130|1111006352|0000053160|กรุงเทพ||12|12|0.00|0.00|138600.00|3850.00|0.00|0.00|0.00||00000000|08|0000000003850|00|0000000000000|20021201|46200.00|0.00|2310.00|0.00|138600.00|138600.00|0.00|127050.00|23100.00|30|03|00
PRO|AIS|แยกอังรีดูนังต์|BKK 563|0002|RO|BKK 563||GSM|BKK|MICRO|20021201|20051130|1111006352|0000053160|กรุงเทพ||12|12|0.00|0.00|138600.00|3850.00|0.00|0.00|0.00|Modify sub-contract from :01|00000000|08|0000000003850|00|0000000000000|20021201|46200.00|0.00|2310.00|0.00|0.00|0.00|138600.00|0.00|34650.00|09|00|06
TCS|AIS|แยกบางพลัด|BKK 565|0001|RO|BKK 565||GSM|BKK|MICRO|20021215|20031214|1111006446|0000054300|กทม.||12|12|0.00|0.00|5000.00|5000.00|5263.16|0.00|0.00||00000000|08|0000000005263|00|0000000000000|20021215|5263.16|0.00|263.16|0.00|0.00|0.00|5000.00|0.00|0.00|24|00|23
TRN|AIS|แยกบางพลัด|BKK 565|0004|RO|BKK 565||GSM|BKK|MICRO|20021215|20031214|1111006446|0000054300|กทม.||12|12|0.00|0.00|5000.00|5000.00|5263.16|0.00|0.00|Modify sub-contract from :01|00000000|08|0000000005263|00|0000000000000|20021215|5263.16|0.00|263.16|0.00|0.00|0.00|5000.00|0.00|0.00|09|00|08
TCS|AIS|แจ้งวัฒนะปากเกร็ด ซอย24|BKK 567|0001|RO|BKK 567||GSM|BKK|MACRO|20030101|20051231|1111006590|0000053160|นนทบุรี||00|00|0.00|0.00|594000.00|16500.00|17368.42|0.00|0.00||00000000|08|0000000017368|00|0000000000000|20030102|17368.42|0.00|868.42|0.00|416842.08|416842.08|177157.92|0.00|0.00|24|24|00
PRO|AIS|แจ้งวัฒนะปากเกร็ด ซอย24|BKK 567|0002|RO|BKK 567||GSM|BKK|MACRO|20030101|20051231|1111006590|0000053160|นนทบุรี||00|00|0.00|0.00|594000.00|16500.00|17368.42|0.00|0.00|Modify sub-contract from :01|00000000|08|0000000017368|00|0000000000000|20030102|17368.42|0.00|868.42|0.00|0.00|0.00|594000.00|0.00|0.00|09|00|00
TCS|AIS|สยามสแควร์ ซ.8|BKK 626|0001|RO|BKK 626||GSM|BKK|MACRO|20021201|20051130|1111014521|0000053160|กรุงเทพ||12|12|0.00|0.00|252000.00|7000.00|7368.42|0.00|0.00||00000000|08|0000000007368|00|0000000000000|20021201|88421.05|0.00|4421.05|0.00|88421.05|88421.05|163578.95|81052.62|117894.72|28|01|25
TRN|AIS|สยามสแควร์ ซ.8|BKK 626|0002|RO|BKK 626||GSM|BKK|MACRO|20021201|20051130|1111014521|0000053160|กรุงเทพ||12|12|0.00|0.00|252000.00|7000.00|7368.42|0.00|0.00|Modify sub-contract from :01|00000000|08|0000000007368|00|0000000000000|20021201|88421.05|0.00|4421.05|0.00|0.00|0.00|252000.00|0.00|66315.78|09|00|06
TCS|AIS|สยามสแควร์ ซอย10|BKK 892|0001|RO|BKK 892||GSM|BKK|MICRO|20021101|20031031|1111009610|0000053160|กทม.||12|12|0.00|0.00|252000.00|7000.00|7368.42|0.00|0.00||00000000|08|0000000007368|00|0000000000000|20021215|88421.05|0.00|4421.05|0.00|88421.05|88421.05|163578.95|73684.20|73684.20|01|01|00
TRN|AIS|สยามสแควร์ ซอย10|BKK 892|0004|RO|BKK 892||GSM|BKK|MICRO|20021101|20031031|1111009610|0000053160|กทม.||12|12|0.00|0.00|252000.00|7000.00|7368.42|0.00|0.00|Modify sub-contract from :01|00000000|08|0000000007368|00|0000000000000|20021215|88421.05|0.00|4421.05|0.00|0.00|0.00|252000.00|0.00|66315.78|09|00|08
TCS|AIS|กฟผ.ลพบุรี|CN 288|0001|RT|CN 288||GSM|CN|MACRO|20021108|20031107|1111005879|0000054110|จ.ลพบุรี||12|12|0.00|0.00|110000.00|9166.67|0.00|9166.67|0.00||00000000|00|0000000000000|00|0000000000000|20021212|117700.00|0.00|0.00|0.00|0.00|0.00|110000.00|0.00|0.00|12|00|11
TRE|AIS|กฟผ.ลพบุรี|CN 288/00|0000|RT|CN 288||GSM|CN|MACRO|20021108|20031107|1111005879|0000054110|จ.ลพบุรี||12|12|0.00|0.00|110000.00|9166.67|0.00|9166.67|0.00||00000000|00|0000000000000|00|0000000000000|20021212|117700.00|0.00|0.00|0.00|0.00|0.00|110000.00|0.00|0.00|12|00|11
TCS|AIS|กฟผ.จ.อยุธยา|CN 289|0001|RT|CN 289||GSM|CN|MACRO|20020701|20030630|1111005879|0000054110|จ.อยุธยา||12|12|0.00|0.00|9750.00|812.50|0.00|812.50|0.00||00000000|00|0000000000000|00|0000000000000|20021212|10432.50|0.00|0.00|0.00|0.00|0.00|9750.00|0.00|0.00|37|00|36
PRO|AIS|กฟผ.จ.อยุธยา|CN 289/00|0000|RT|CN 289||GSM|CN|MACRO|20021108|20031107|1111005879|0000054110|จ.อยุธยา||12|12|0.00|0.00|120000.00|10000.00|0.00|10000.00|0.00||00000000|00|0000000000000|00|0000000000000|20021212|128400.00|0.00|0.00|0.00|0.00|0.00|120000.00|0.00|0.00|12|00|11
TCS|AIS|บ้านห้วยสะท้อน|ER 022|0001|RO|ER 022||GSM|ER|MACRO|20021215|20051214|1111008121|0000054210|จ.จันทบุรี||36|00|0.00|0.00|279546.00|7765.17|8173.86|0.00|0.00||00000000|08|0000000008174|00|0000000000000|20021215|294258.95|0.00|14712.95|0.00|294258.95|294258.95|14712.95|286085.10|286085.10|01|01|00
PRO|AIS|บ้านห้วยสะท้อน|ER 022|0002|RO|ER 022||GSM|ER|MACRO|20021215|20051214|1111008121|0000054210|จ.จันทบุรี||36|00|0.00|0.00|279546.00|7765.17|8173.86|0.00|0.00|Modify sub-contract from :01|00000000|08|0000000008174|00|0000000000000|20021215|294258.95|0.00|14712.95|0.00|0.00|0.00|279546.00|0.00|0.00|06|00|00
TRN|AIS|ฐานทัพเรือสัตหีบ|ER 279|0000|MO|ER 279||GSM|ER|MACRO|20021201|20021231|1111009744|0000054210|ชลบุรี|มหกรรมคอนเสิร์ตลูกทุ่งเวทีไท|00|00|0.00|0.00|10000.00|10000.00|0.00|0.00|0.00||00000000|00|0000000000000|00|0000000000000|20021201|10000.00|0.00|0.00|0.00|96000.00|96000.00|86000.00|96000.00|96000.00|01|01|00
TCS|AIS|หนองสนม|ER 330|0001|RO|ER 330||GSM|ER|MACRO|20010401|20040331|1111010579|0000054300|จ.ระยอง||24|24|0.00|0.00|20000.00|833.33|0.00|0.00|0.00||00000000|08|0000000000833|00|0000000000000|20021201|10000.00|0.00|500.00|0.00|0.00|0.00|20000.00|0.00|0.00|36|00|35
PRO|AIS|หนองสนม|ER 330|0002|RO|ER 330||GSM|ER|MACRO|20010401|20040331|1111010579|0000054210|จ.ระยอง||24|24|0.00|0.00|20000.00|833.33|0.00|0.00|0.00|Modify sub-contract from :01|00000000|08|0000000000833|00|0000000000000|20021201|10000.00|0.00|500.00|0.00|20000.00|20000.00|0.00|2499.99|6666.64|12|01|00
PRO|AIS|นิคมอมตะ B|ER 634|0000|RO|ER 634||GSM|ER|MACRO|20021215|20051214|1111008759|0000054210|จ.ชลบุรี||12|12|0.00|0.00|216000.00|6000.00|0.00|0.00|0.00||00000000|09|0000000006000|00|0000000000000|20021215|72000.00|0.00|3600.00|0.00|216000.00|216000.00|0.00|198000.00|0.00|36|03|00
PRO|AIS|บ้านช่องตะเคียน|ER 659|0000|RO|ER 659||GSM|ER|MACRO|20021001|20050930|1111016699|0000054210|จ.นครนายก||12|12|0.00|0.00|157894.74|4166.67|4385.97|0.00|0.00||00000000|08|0000000004386|00|0000000000000|20021101|52631.58|0.00|2631.58|0.00|157894.74|157894.74|0.00|140351.04|43859.70|25|03|00
PRO|AIS|ก้นอ่าวอุดม|ER 663|0000|RO|ER 663||GSM|ER|MACRO|20021201|20051130|1111016777|0000054210|จ.ชลบุรี||12|12|0.00|0.00|150000.00|4166.66|4385.96|0.00|0.00||00000000|08|0000000004386|00|0000000000000|20021201|52631.58|0.00|2631.58|0.00|157894.74|157894.74|7894.74|144736.68|13157.88|38|03|00
TCS|AIS|คณะวิทยาศาสตร์ม.ขอนแก่น|NE 748|0001|MO|NE 748||GSM|NE|MACRO|20021201|20051130|1111016676|0000054221|||12|12|0.00|0.00|30000.00|833.33|0.00|0.00|0.00||00000000|00|0000000000000|00|0000000000000|20021201|10000.00|0.00|0.00|0.00|20000.00|20000.00|10000.00|18333.26|8333.30|34|02|31
PRO|AIS|คณะวิทยาศาสตร์ม.ขอนแก่น|NE 748|0003|MO|NE 748||GSM|NE|MACRO|20021201|20051130|1111016676|0000054221|||12|12|0.00|0.00|30000.00|833.33|0.00|0.00|0.00|Modify sub-contract from :01|00000000|00|0000000000000|00|0000000000000|20021201|10000.00|0.00|0.00|0.00|10000.00|10000.00|20000.00|9166.63|5833.31|05|01|02
TCS|AIS|เด่นห้า 1|NR 158|0001|RO|NR 158||GSM|NR|MACRO|20030301|20060228|1111006837|0000054120|เชียงราย||12|12|0.00|0.00|132000.00|3666.67|3859.65|0.00|0.00||00000000|08|0000000003860|00|0000000000000|20030301|46315.79|0.00|2315.79|0.00|0.00|0.00|132000.00|0.00|0.00|01|00|02
PRO|AIS|เด่นห้า 1|NR 158|0002|RO|NR 158||GSM|NR|MACRO|20030301|20060228|1111006837|0000054120|เชียงราย||12|12|0.00|0.00|132000.00|3666.67|3859.65|0.00|0.00|Modify sub-contract from :01|00000000|08|0000000003860|00|0000000000000|20030301|46315.79|0.00|2315.79|0.00|138947.37|138947.37|6947.37|127368.45|11578.95|39|03|00
TCS|AIS|หนองกระทิง 1|NR 159|0001|RO|NR 159||GSM|NR|MACRO|20030301|20060228|1111006836|0000054120|ลำปาง||12|12|0.00|0.00|165000.00|4583.33|0.00|0.00|0.00||00000000|08|0000000004583|00|0000000000000|20030301|55000.00|0.00|2750.00|0.00|0.00|0.00|165000.00|0.00|0.00|01|00|02
PRO|AIS|หนองกระทิง 1|NR 159|0003|RO|NR 159||GSM|NR|MACRO|20030301|20060228|1111006836|0000054120|ลำปาง||12|12|0.00|0.00|165000.00|4583.33|0.00|0.00|0.00|Modify sub-contract from :01|00000000|08|0000000004583|00|0000000000000|20030301|55000.00|0.00|2750.00|0.00|165000.00|165000.00|0.00|151249.89|13749.99|39|03|00
TCS|AIS|ป่าแดด 1|NR 168|0001|RO|NR 168||GSM|NR|MACRO|20030301|20060228|1111006822|0000054120|เชียงราย||12|12|0.00|0.00|165000.00|4583.33|4824.56|0.00|0.00||00000000|08|0000000004825|00|0000000000000|20030301|57894.74|0.00|2894.74|0.00|0.00|0.00|165000.00|0.00|0.00|01|00|02
PRO|AIS|ป่าแดด 1|NR 168|0002|RO|NR 168||GSM|NR|MACRO|20030301|20060228|1111006822|0000054120|เชียงราย||12|12|0.00|0.00|165000.00|4583.33|4824.56|0.00|0.00|Modify sub-contract from :01|00000000|08|0000000004825|00|0000000000000|20030301|57894.74|0.00|2894.74|0.00|173684.22|173684.22|8684.22|159210.48|14473.68|39|03|00
TCS|AIS|ฝายแก 1|NR 170|0001|RO|NR 170||GSM|NR|MACRO|20030301|20060228|1111006820|0000054120|น่าน||12|12|0.00|0.00|99000.00|2750.00|2894.74|0.00|0.00||00000000|08|0000000002895|00|0000000000000|20030301|34736.84|0.00|1736.84|0.00|0.00|0.00|99000.00|0.00|0.00|01|00|02
PRO|AIS|ฝายแก 1|NR 170|0003|RO|NR 170||GSM|NR|MACRO|20030301|20060228|1111006820|0000054120|น่าน||12|12|0.00|0.00|99000.00|2750.00|2894.74|0.00|0.00|Modify sub-contract from :01|00000000|08|0000000002895|00|0000000000000|20030301|34736.84|0.00|1736.84|0.00|104210.52|104210.52|5210.52|95526.42|66579.02|13|03|00
TRN|AIS|ท่าอากาศยานเชียงใหม่|NR 188|0000|MT|NR 188||GSM|NR|MICRO|20021201|20031130|1111002341|0000054120|เชียงใหม่||12|12|0.00|0.00|7000.00|583.33|0.00|583.33|0.00||00000000|00|0000000000000|14|0000000000583|20021201|0.00|7490.00|0.00|210.00|55019.49|1182795.67|62019.49|1181722.30|44429.46|65|71|64
TCS|AIS|เซ็นทรัลแอร์พอร์ตเชียงใหม่|NR 510|0001|RT|NR 510||GSM|NR|MACRO|20021101|20031031|1111002961|0000054120|เชียงใหม่||12|12|70000.00|0.00|120000.00|10000.00|0.00|10000.00|0.00|มีเงินประกันอีก50000ในsub00|00000000|00|0000000000000|14|0000000010000|20021125|0.00|128400.00|0.00|3600.00|198400.00|198400.00|78400.00|110000.00|0.00|12|02|00
PRO|AIS|เซ็นทรัลแอร์พอร์ตเชียงใหม่|NR 510|0002|RT|NR 510||GSM|NR|MACRO|20031101|20041031|1111002961|0000054120|เชียงใหม่||12|12|0.00|0.00|126000.00|10500.00|0.00|10500.00|0.00||00000000|00|0000000000000|14|0000000010500|20031101|0.00|134820.00|0.00|3780.00|134820.00|134820.00|8820.00|115500.00|115500.00|01|01|00
PRO|AIS|เซ็นทรัลแอร์พอร์ตเชียงใหม่|NR 510|0003|RT|NR 510||GSM|NR|MACRO|20041101|20051031|1111002961|0000054120|เชียงใหม่||12|12|0.00|0.00|132300.00|11025.00|0.00|11025.00|0.00||00000000|00|0000000000000|14|0000000011025|20041101|0.00|141561.00|0.00|3969.00|141561.00|141561.00|9261.00|121275.00|121275.00|01|01|00
PRO|AIS|เซ็นทรัลแอร์พอร์ตเชียงใหม่|NR 510|0006|RT|NR 510||GSM|NR|MACRO|20021101|20031031|1111002961|0000054120|เชียงใหม่||12|12|70000.00|0.00|120000.00|10000.00|0.00|10000.00|0.00|มีเงินประกันอีก50000ในsub00|00000000|00|0000000000000|14|0000000010000|20021125|0.00|128400.00|0.00|3600.00|0.00|0.00|120000.00|0.00|0.00|06|00|05
PRO|AIS|สนามกีฬาสมโภชน์ 700 ปี|NR 872|0000|RO|NR 872||GSM|NR|MACRO|20021001|20050930|1111016653|0000054120|จ.เชียงใหม่|สนามกีฬาสมโภชน์เชียงใหม่ 700 ปี|12|12|20000.00|0.00|600000.00|16666.67|0.00|0.00|0.00||00000000|00|0000000000000|00|0000000000000|20021101|200000.00|0.00|0.00|0.00|620000.00|620000.00|20000.00|533333.44|166666.70|25|04|00
PRO|AIS|พญาแมน|NR 874|0000|RO|NR 874||GSM|NR|MACRO|20021001|20050930|1111016708|0000054120|จ.อุตรดิตถ์||12|12|0.00|0.00|135000.00|3750.00|3947.37|0.00|0.00||00000000|08|0000000003947|00|0000000000000|20021101|47368.42|0.00|2368.42|0.00|142105.26|142105.26|7105.26|126315.84|39473.70|25|03|00
PRO|AIS|หัวเคียด|NR 875|0000|RO|NR 875||GSM|NR|MACRO|20020801|20050731|1111016707|0000054120|จ.ตาก||12|12|0.00|0.00|135000.00|3750.00|3947.37|0.00|0.00||00000000|08|0000000003947|00|0000000000000|20021101|47368.42|0.00|2368.42|0.00|142105.26|142105.26|7105.26|118421.10|31578.96|25|03|00
PRO|AIS|สรอย|NR 877|0000|RO|NR 877||GSM|NR|MACRO|20021201|20051130|1111016780|0000054120|จ.แพร่||12|12|0.00|0.00|102000.00|2833.33|2982.45|0.00|0.00||00000000|08|0000000002982|00|0000000000000|20021201|35789.47|0.00|1789.47|0.00|107368.41|107368.41|5368.41|98420.85|8947.35|38|03|00
PRO|AIS|โครงการหลวงอินทนนท์|NR 878|0000|RO|NR 878||GSM|NR|MACRO|20020516|20050515|1111012423|0000054120|จ.เชียงใหม่||12|12|0.00|0.00|150000.00|4166.67|0.00|0.00|0.00||00000000|00|0000000004167|00|0000000000000|20021216|50000.00|0.00|0.00|0.00|150000.00|150000.00|0.00|108333.42|16666.68|25|03|00
PRO|AIS|โครงการหลวงขุนวาง|NR 879|0000|RO|NR 879||GSM|NR|MACRO|20020516|20050515|1111012423|0000054120|จ.เชียงใหม่||12|12|0.00|0.00|150000.00|4166.67|0.00|0.00|0.00||00000000|00|0000000004167|00|0000000000000|20021216|50000.00|0.00|0.00|0.00|150000.00|150000.00|0.00|108333.42|16666.68|25|03|00
PRO|AIS|โครงการหลวงปางอุ๋ง|NR 880|0000|RO|NR 880||GSM|NR|MACRO|20020608|20050607|1111012423|0000054120|จ.เชียงใหม่||12|12|0.00|0.00|150000.00|4166.67|0.00|0.00|0.00||00000000|00|0000000004167|00|0000000000000|20021208|50000.00|0.00|0.00|0.00|150000.00|150000.00|0.00|112500.09|20833.35|25|03|00
PRO|AIS|โครงการหลวงหนองหอย|NR 881|0000|RO|NR 881||GSM|NR|MACRO|20020424|20050423|1111012423|0000054120|จ.เชียงใหม่||12|12|0.00|0.00|150000.00|4166.67|0.00|0.00|0.00||00000000|00|0000000004167|00|0000000000000|20021224|50000.00|0.00|0.00|0.00|150000.00|150000.00|0.00|104166.75|12500.01|25|03|00
PRO|AIS|ศรีบัวบาน|NR 882|0000|RO|NR 882||GSM|NR|MACRO|20021101|20051031|1111016825|0000054120|จ.ลำพูน||12|12|0.00|0.00|102000.00|2833.33|2982.45|0.00|0.00||00000000|08|0000000002982|00|0000000000000|20021201|35789.47|0.00|1789.47|0.00|107368.41|107368.41|5368.41|95438.40|29824.50|25|03|00
PRO|AIS|บ้านท่าข้าม|NR 883|0000|RO|NR 883||GSM|NR|MACRO|20021101|20051031|1111016824|0000054120|จ.เชียงใหม่|คุณชาญยุทธ  อ๋องทิพย์|12|12|0.00|0.00|102000.00|2833.33|2982.45|0.00|0.00||00000000|08|0000000002982|00|0000000000000|20021201|35789.47|0.00|1789.47|0.00|107368.41|107368.41|5368.41|95438.40|29824.50|25|03|00
PRO|AIS|ลานกระบือ(ใหม่)|NR 884|0000|RO|NR 884||GSM|NR|MACRO|20021101|20051031|1111016857|0000054120|จ.กำแพงเพชร||12|12|0.00|0.00|120000.00|3333.33|3508.77|0.00|0.00||00000000|08|0000000003509|00|0000000000000|20021201|42105.26|0.00|2105.26|0.00|126315.78|126315.78|6315.78|112280.64|35087.70|25|03|00
PRO|AIS|The Mall บางกะปิ|PBKK 001|0000|RT|PBKK 001||GSM|BKK|PICO|20020812|20030811|1111007842|0000054130|กรุงเทพ||12|12|0.00|0.00|13648.04|1137.34|0.00|419.00|0.00||00000000|09|0000000000718|14|0000000000419|20021122|8620.00|5380.00|431.00|150.84|0.00|0.00|13648.04|0.00|0.00|39|00|38
TCS|AIS|The Mall บางแค|PBKK 011|0001|RT|PBKK 011||GSM|BKK|PICO|20020813|20030812|1111012089|0000054130|กรุงเทพ||12|12|0.00|0.00|9000.00|731.15|0.00|269.40|0.00||00000000|09|0000000000462|14|0000000000269|20021122|5541.00|3459.00|277.05|96.98|9000.00|9000.00|0.00|5849.20|5849.20|01|02|00
TRN|AIS|The Mall บางแค|PBKK 011|0003|RT|PBKK 011||GSM|BKK|PICO|20020813|20030812|1111012089|0000054130|กรุงเทพ||12|12|0.00|0.00|9000.00|731.15|0.00|269.40|0.00|Modify sub-contract from :01|00000000|09|0000000000462|14|0000000000269|20021122|5541.00|3459.00|277.05|96.98|0.00|0.00|9000.00|0.00|0.00|08|00|07
PRO|AIS|โรงแรมเอราวัณ|PBKK 043|0000|RT|PBKK 043||GSM|BKK|PICO|20021101|20051031|1111004307|0000054130|กรุงเทพ||12|12|0.00|0.00|150000.00|4166.67|0.00|4166.67|0.00||00000000|00|0000000000000|14|0000000004167|20021122|0.00|53500.00|0.00|1500.00|160500.00|160500.00|10500.00|137500.11|12500.01|39|03|00
PRO|AIS|JW MARRIOTT HOTEL|PBKK 146|0000|RT|PBKK 146|7|GSM|BKK|PICO|20030101|20051231|1111004310|0000054130|กรุงเทพ||12|12|0.00|0.00|150000.00|4166.67|0.00|4166.67|0.00||00000000|00|0000000000000|14|0000000004167|20030101|0.00|53500.00|0.00|1500.00|160500.00|160500.00|10500.00|137500.11|12500.01|39|03|00
TCS|AIS|GMM TOWER|PBKK 158|0001|RT|PBKK 158|10|GSM|BKK|PICO|20021101|20041031|1111013410|0000054130|กรุงเทพ||12|12|0.00|0.00|12000.00|500.00|0.00|500.00|0.00||00000000|00|0000000000000|14|0000000000500|20021122|0.00|6420.00|0.00|180.00|12840.00|12840.00|840.00|11000.00|3500.00|17|02|00
PRO|AIS|GMM TOWER|PBKK 158|0002|RT|PBKK 158|10|GSM|BKK|PICO|20021101|20041031|1111013410|0000054130|กรุงเทพ||12|12|0.00|0.00|12000.00|500.00|0.00|500.00|0.00|Modify sub-contract from :01|00000000|00|0000000000000|14|0000000000500|20021122|0.00|6420.00|0.00|180.00|0.00|0.00|12000.00|0.00|4500.00|09|00|07
PRO|AIS|รพ.เกษมราษฎร์ รัตนาธิเบศร์|PBKK 362|0000|RO|PBKK 362|10|GSM|BKK|PICO|20021101|20051031|1111001310|0000054130|กรุงเทพ||12|12|35000.00|0.00|300000.00|8333.34|0.00|0.00|0.00||00000000|09|0000000008333|00|0000000000000|20021122|100000.00|0.00|5000.00|0.00|335000.00|335000.00|35000.00|275000.22|91666.74|25|04|00
PRO|AIS|ซี.ดี.จี. เฮ้าส์|PBKK 363|0000|RT|PBKK 363|10|GSM|BKK|PICO|20021201|20051130|1111016723|0000054130|กรุงเทพ||12|12|0.00|0.00|150000.00|4166.67|0.00|4166.67|0.00||00000000|00|0000000000000|14|0000000004167|20021201|0.00|53500.00|0.00|1500.00|160500.00|160500.00|10500.00|137500.11|12500.01|39|03|00
PRO|AIS|โรงพยาบาลวิภาวดี 1|PBKK 364|0000|RT|PBKK 364|10|GSM|BKK|PICO|20021115|20051114|1111000753|0000054130|กรุงเทพ||12|12|0.00|0.00|210000.00|5451.71|0.00|5451.71|0.00||00000000|00|0000000000000|14|0000000005452|20021115|0.00|70000.00|0.00|1962.62|210000.00|210000.00|0.00|179906.43|16355.13|39|03|00
TRE|AIS|ธนาคารเอเชีย(สนง.ใหญ่)|PBKK 366|0000|RO|PBKK 366|10|GSM|BKK|PICO|20021201|20051130|1211000872|0000054300|กรุงเทพ||12|12|0.00|0.00|277050.00|7695.83|8100.88|0.00|0.00||00000000|09|0000000008101|00|0000000000000|20021201|92350.00|0.00|4860.53|0.00|0.00|0.00|277050.00|0.00|97210.56|12|00|09
TCS|AIS|ธนาคารเอเชีย(สนง.ใหญ่)|PBKK 366|0001|RO|PBKK 366|10|GSM|BKK|PICO|20021201|20051130|1211000872|0000054130|กรุงเทพ||12|12|0.00|0.00|291631.59|8100.88|8100.88|0.00|0.00||00000000|09|0000000008101|00|0000000000000|20021201|97210.53|0.00|4860.53|0.00|291631.59|291631.59|0.00|267329.04|48605.28|30|03|00
PRO|AIS|ธนาคารเอเชีย(สนง.ใหญ่)|PBKK 366|0002|RO|PBKK 366|10|GSM|BKK|PICO|20021201|20051130|1211000872|0000054130|กรุงเทพ||12|12|0.00|0.00|291631.59|8100.88|8100.88|0.00|0.00|Modify sub-contract from :01|00000000|09|0000000008101|00|0000000000000|20021201|97210.53|0.00|4860.53|0.00|0.00|0.00|291631.59|0.00|72907.92|09|00|06
TRN|AIS|KSL TOWER|PBKK 368|0000|RO|PBKK 368|10|GSM|BKK|PICO|20030101|20051231|1111016794|0000054130|กรุงเทพ||12|12|0.00|0.00|150000.00|4166.67|0.00|0.00|0.00||00000000|00|0000000004167|00|0000000000000|20030101|50000.00|0.00|0.00|0.00|100000.00|100000.00|50000.00|91666.74|41666.70|14|02|11
PRO|AIS|แฟชั่น ไอส์แลนด์|PBKK 369|0000|RO|PBKK 369||GSM|BKK|PICO|20021101|20051031|1111001513|0000054130|กรุงเทพ||12|12|0.00|0.00|96631.59|2684.21|2684.21|0.00|0.00||00000000|09|0000000002684|00|0000000000000|20021201|32210.53|0.00|1610.53|0.00|65484.00|65484.00|31147.59|56100.00|2684.21|25|02|22
NEW|AIS|กรมประชาสัมพันธ์|PBKK 370|0000|RO|PBKK 370|10|GSM|BKK|PICO|20021201|20051130|1111005858|0000054130|กรุงเทพ||12|12|30000.00|0.00|360000.00|10000.00|0.00|0.00|0.00||00000000|00|0000000000000|00|0000000000000|20021201|120000.00|0.00|0.00|0.00|420000.00|420000.00|60000.00|270000.00|110000.00|19|05|00
PRO|AIS|กรมประชาสัมพันธ์|PBKK 370|0000|MO|PBKK 370|10|GSM|BKK|PICO|20021201|20031130|1111005858|0000054300|กรุงเทพ||12|12|0.00|0.00|33130.00|2760.83|0.00|0.00|0.00||00000000|00|0000000000000|00|0000000000000|20021201|0.00|0.00|0.00|0.00|420000.00|420000.00|386870.00|270000.00|110000.00|19|05|00
TCS|AIS|กรมประชาสัมพันธ์|PBKK 370|0001|MO|PBKK 370|10|GSM|BKK|PICO|20021201|20031130|1111005858|0000054130|กรุงเทพ||12|12|0.00|0.00|33130.00|2760.83|0.00|0.00|0.00||00000000|00|0000000000000|00|0000000000000|20021201|33130.00|0.00|0.00|0.00|33130.00|33130.00|0.00|30369.13|22086.64|04|01|00
PRO|AIS|กรมประชาสัมพันธ์|PBKK 370|0003|MO|PBKK 370|10|GSM|BKK|PICO|20021201|20031130|1111005858|0000054130|กรุงเทพ||12|12|0.00|0.00|33130.00|2760.83|0.00|0.00|0.00|Modify sub-contract from :01|00000000|00|0000000000000|00|0000000000000|20021201|33130.00|0.00|0.00|0.00|0.00|0.00|33130.00|0.00|24847.47|09|00|08
PRO|AIS|เฉลิมไทย ช้อปปิ้ง มอลล์|PBKK 371|0000|RT|PBKK 371|10|GSM|BKK|PICO|20021101|20031031|1111009189|0000054300|กรุงเทพ||12|12|0.00|0.00|84000.00|7000.00|0.00|7000.00|0.00||00000000|00|0000000000000|14|0000000007000|20021201|0.00|89880.00|0.00|2520.00|0.00|0.00|84000.00|0.00|0.00|39|00|38
TCS|AIS|เฉลิมไทย ช้อปปิ้ง มอลล์|PBKK 371|0001|RT|PBKK 371|10|GSM|BKK|PICO|20031101|20041031|1111009189|0000054300|กรุงเทพ||12|12|0.00|0.00|94500.00|7875.00|0.00|7875.00|0.00||00000000|00|0000000000000|14|0000000007875|20031101|0.00|101115.00|0.00|2835.00|0.00|0.00|94500.00|0.00|0.00|39|00|38
PRO|AIS|เฉลิมไทย ช้อปปิ้ง มอลล์|PBKK 371|0002|RT|PBKK 371|10|GSM|BKK|PICO|20041101|20051031|1111009189|0000054300|กรุงเทพ||12|12|0.00|0.00|105000.00|8750.00|0.00|8750.00|0.00||00000000|00|0000000000000|14|0000000008750|20041101|0.00|0.00|0.00|0.00|0.00|0.00|105000.00|0.00|0.00|39|00|38
TRN|AIS|เฉลิมไทย ช้อปปิ้ง มอลล์|PBKK 371|0003|RT|PBKK 371|10|GSM|BKK|PICO|20031101|20041031|1111009189|0000054300|กรุงเทพ||12|12|0.00|0.00|94500.00|7875.00|0.00|7875.00|0.00|Modify sub-contract from :01|00000000|00|0000000000000|14|0000000007875|20031101|0.00|101115.00|0.00|2835.00|0.00|0.00|94500.00|0.00|0.00|09|00|08
PRO|AIS|รพ.พญาไท 1|PBKK 373|0000|RT|PBKK 373|10|GSM|BKK|PICO|20030101|20051231|1111016843|0000054130|กรุงเทพ||12|12|0.00|0.00|180000.00|5000.00|0.00|5000.00|0.00||00000000|00|0000000000000|14|0000000005000|20030101|0.00|64200.00|0.00|1800.00|192600.00|192600.00|12600.00|165000.00|15000.00|39|03|00
PRO|AIS|เฉลิมไทย ช้อปปิ้ง มอลล์|PER 024|0000|RT|PER 024|10|GSM|ER|PICO|20021101|20031031|1111009189|0000054210|ชลบุรี||12|12|0.00|0.00|84000.00|7000.00|0.00|7000.00|0.00||00000000|00|0000000000000|14|0000000007000|20030101|0.00|89880.00|0.00|2520.00|89880.00|89880.00|5880.00|70000.00|0.00|11|01|00
PRO|AIS|เฉลิมไทย ช้อปปิ้ง มอลล์|PER 024|0001|RT|PER 024|10|GSM|ER|PICO|20031101|20041031|1111009189|0000054210|ชลบุรี||12|12|0.00|0.00|94500.00|7875.00|0.00|7875.00|0.00||00000000|00|0000000000000|14|0000000007875|20031101|0.00|101115.00|0.00|2835.00|101115.00|101115.00|6615.00|86625.00|0.00|12|01|00
PRO|AIS|เฉลิมไทย ช้อปปิ้ง มอลล์|PER 024|0002|RT|PER 024|10|GSM|ER|PICO|20041101|20051031|1111009189|0000054210|ชลบุรี||12|12|0.00|0.00|105000.00|8750.00|0.00|8750.00|0.00||00000000|00|0000000000000|14|0000000008750|20041101|0.00|112350.00|0.00|3150.00|112350.00|112350.00|7350.00|96250.00|0.00|12|01|00
TRN|AIS|โรงแรมอิมพีเรียลโกลเด้นท์|PNR 022|0000|RT|PNR 022|10|GSM|NR|PICO|20021101|20051031|1111016747|0000054120|เชียงราย||12|12|0.00|0.00|360000.00|9345.79|0.00|9345.79|0.00||00000000|00|0000000000000|14|0000000009346|20021101|0.00|120000.00|0.00|3364.49|120000.00|120000.00|240000.00|102803.69|93457.90|22|01|19
TCS|AIS|บางลา (ภูเก็ต)|SR 011|0001|RO|SR 011||GSM|SR|MACRO|20021201|20051130|1111006350|0000054130|จ.ภูเก็ต||12|12|0.00|0.00|366597.00|10183.25|0.00|0.00|0.00||00000000|08|0000000010183|00|0000000000000|20021201|122199.00|0.00|6109.95|0.00|366597.00|366597.00|0.00|336047.25|30549.75|33|03|00
PRO|AIS|บางลา (ภูเก็ต)|SR 011|0002|RO|SR 011||GSM|SR|MACRO|20021201|20051130|1111006350|0000054130|จ.ภูเก็ต||12|12|0.00|0.00|366597.00|10183.25|0.00|0.00|0.00|Modify sub-contract from :01|00000000|08|0000000010183|00|0000000000000|20021201|122199.00|0.00|6109.95|0.00|0.00|0.00|366597.00|0.00|61099.50|06|00|03
PRO|AIS|แหลมทองโฮเต็ล|SR 136|0000|RO|SR 136||GSM|SR|MACRO|20030601|20050531|1111009042|0000054130|จ.สงขลา||12|12|0.00|0.00|276000.00|11500.00|0.00|0.00|0.00||00000000|09|0000000011500|00|0000000000000|20031201|138000.00|0.00|6900.00|0.00|276000.00|276000.00|0.00|253000.00|0.00|24|02|00
TCS|AIS|แหลมทองโฮเต็ล|SR 136|0001|RO|SR 136||GSM|SR|MACRO|20021001|20050930|1111009042|0000054300|จ.สงขลา||12|12|0.00|0.00|414000.00|11500.00|0.00|0.00|0.00||00000000|09|0000000011500|00|0000000000000|20021001|138000.00|0.00|6900.00|0.00|138000.00|138000.00|276000.00|103500.00|69000.00|04|01|01
TRN|AIS|แหลมทองโฮเต็ล|SR 136|0002|RO|SR 136||GSM|SR|MACRO|20021001|20050930|1111009042|0000054300|จ.สงขลา||12|12|0.00|0.00|414000.00|11500.00|0.00|0.00|0.00|Modify sub-contract from :01|00000000|09|0000000011500|00|0000000000000|20021001|138000.00|0.00|6900.00|0.00|0.00|0.00|414000.00|0.00|69000.00|06|00|03
TCS|AIS|บ้านน้ำราบ|SR 137|0001|RO|SR 137||GSM|SR|MACRO|20021201|20051130|1111006113|0000054130|จ.ตรัง|คุณหมาดหยะเหล่   ชุมเพ็ง|12|12|0.00|0.00|118800.00|3300.00|0.00|0.00|0.00||00000000|08|0000000003300|00|0000000000000|20021201|39600.00|0.00|1980.00|0.00|118800.00|118800.00|0.00|108900.00|9900.00|33|03|00
PRO|AIS|บ้านน้ำราบ|SR 137|0002|RO|SR 137||GSM|SR|MACRO|20021201|20051130|1111006113|0000054130|จ.ตรัง|คุณหมาดหยะเหล่   ชุมเพ็ง|12|12|0.00|0.00|118800.00|3300.00|0.00|0.00|0.00|Modify sub-contract from :01|00000000|08|0000000003300|00|0000000000000|20021201|39600.00|0.00|1980.00|0.00|0.00|0.00|118800.00|0.00|19800.00|06|00|03
TCS|AIS|ทุ่งยางแดง|SR 309|0001|RO|SR 309||GSM|SR|MACRO|20020306|20030105|1111010603|0000054130|จ.ปัตตานี||10|10|0.00|0.00|20000.00|2000.00|2105.26|0.00|0.00||00000000|08|0000000002105|00|0000000000000|20021206|21052.63|0.00|20000.00|0.00|0.00|0.00|20000.00|0.00|0.00|12|00|11
PRO|AIS|ทุ่งยางแดง|SR 309|0002|RO|SR 309||GSM|SR|MACRO|20020306|20030105|1111010603|0000054130|จ.ปัตตานี||10|10|0.00|0.00|20000.00|2000.00|2105.26|0.00|0.00|Modify sub-contract from :01|00000000|08|0000000002105|00|0000000000000|20021206|21052.63|0.00|20000.00|0.00|0.00|0.00|20000.00|0.00|16842.08|08|00|07
PRO|AIS|สหกรณ์การเกษตรเขื่อนเชี่ยวหลาน|SR 739|0000|RO|SR 739||GSM|SR|REPEATER|20021015|20051014|1111016779|0000054130|จ.สุราษฎร์ธานี||12|12|0.00|0.00|43200.00|1200.00|0.00|0.00|0.00||00000000|00|0000000000000|00|0000000000000|20021015|14400.00|0.00|0.00|0.00|43200.00|43200.00|0.00|37200.00|2400.00|36|03|00
PRO|AIS|ท่าไม้ลาย|SR 742|0000|RO|SR 742||GSM|SR|MACRO|20021201|20051130|1111016812|0000054130|จ.ชุมพร||12|12|0.00|0.00|105000.00|2916.67|3070.18|0.00|0.00||00000000|08|0000000003070|00|0000000000000|20021201|36842.11|0.00|1842.11|0.00|110526.33|110526.33|5526.33|101315.94|9210.54|39|03|00
TCS|AIS|มหาชัยเมืองใหม่|WR 096|0001|RO|WR 096||GSM|WR|MACRO|20020801|20050731|1111008090|0000054110|จ.สมุทรสาคร||12|12|0.00|0.00|132000.00|3666.67|0.00|0.00|0.00||00000000|08|0000000003667|00|0000000000000|20021201|44000.00|0.00|2200.00|0.00|0.00|0.00|132000.00|0.00|0.00|12|00|09
PRO|AIS|มหาชัยเมืองใหม่|WR 096|0002|RO|WR 096||GSM|WR|MACRO|20020801|20050731|1111008090|0000054110|จ.สมุทรสาคร||12|12|0.00|0.00|132000.00|3666.67|0.00|0.00|0.00|Modify sub-contract from :01|00000000|08|0000000003667|00|0000000000000|20021201|44000.00|0.00|2200.00|0.00|44000.00|44000.00|88000.00|25666.69|77000.07|29|01|26
PRO|AIS|ศาลาลัย|WR 623|0000|RO|WR 623||GSM|WR|MACRO|20021115|20051114|1111014721|0000054110|จ.ประจวบคีรีขันธ์|คุณกุลหทัย  แซ่ลิ้ม|12|12|0.00|0.00|105000.00|2916.67|3070.18|0.00|0.00||00000000|08|0000000003070|00|0000000000000|20021115|36842.11|0.00|1842.11|0.00|110526.33|110526.33|5526.33|98245.76|6140.36|37|03|00
PRO|AIS|แยกชมสินธ์|WR 626|0000|RO|WR 626||GSM|WR|MACRO|20021001|20050930|1111016688|0000054110|จ.ประจวบคีรีขันธ์||12|12|0.00|0.00|227368.44|6000.00|6315.79|0.00|0.00||00000000|08|0000000006316|00|0000000000000|20021101|75789.47|0.00|3789.47|0.00|227368.41|227368.41|0.03|202105.28|63157.90|25|03|22
PRO|AIS|หัวหินเมาเทนวิลล์|WR 627|0000|RO|WR 627||GSM|WR|MACRO|20021015|20051014|1111012506|0000054110|จ.ประจวบคีรีขันธ์||12|12|0.00|0.00|180000.00|5000.00|5263.15|0.00|0.00||00000000|08|0000000005263|00|0000000000000|20021015|63157.89|0.00|3157.89|0.00|189473.67|189473.67|9473.67|163157.65|47368.35|25|03|00
PRO|AIS|หนองตาเดช|WR 628|0000|RO|WR 628||GSM|WR|MACRO|20021115|20051114|1111016776|0000054110|จ.กาญจนบุรี||12|12|0.00|0.00|90000.00|2500.00|2631.57|0.00|0.00||00000000|08|0000000002632|00|0000000000000|20021211|31578.95|0.00|1578.95|0.00|94736.85|94736.85|4736.85|84210.24|5263.14|37|03|00
PRO|AIS|IMPERIAL LAKE VIEW GOLF CLUE|WR 630|0000|RO|WR 630||GSM|WR|MICRO|20030101|20041231|1111016774|0000054110|จ.เพชรบุรี||12|12|0.00|0.00|60000.00|2500.00|2631.58|0.00|0.00||00000000|09|0000000002632|00|0000000000000|20030101|31578.95|0.00|1578.95|0.00|97894.74|97894.74|37894.74|57894.76|31578.96|37|03|00
PRO|AIS|น้ำตกเก้าชั้น|WR 631|0000|RO|WR 631||GSM|WR|MACRO|20021015|20051014|1111016768|0000054110|จ.ราชบุรี||12|12|0.00|0.00|108000.00|3000.00|0.00|0.00|0.00||00000000|00|0000000000000|00|0000000000000|20021015|36000.00|0.00|0.00|0.00|108000.00|108000.00|0.00|93000.00|6000.00|36|03|00
PRO|AIS|ม.ศิลปากรวิทยเขตพระราชวังสนามจันทร์|WR 632|0000|RO|WR 632||GSM|WR|MACRO|20021201|20031231|1111016788|0000054110|จ.นครปฐม||12|12|0.00|0.00|100000.00|8333.33|0.00|0.00|0.00||00000000|00|0000000000000|00|0000000000000|20021216|100000.00|0.00|0.00|0.00|100000.00|100000.00|0.00|91666.63|8333.33|13|01|00
PRO|AIS|เพชรเกษม 91|WR 633|0000|RO|WR 633||GSM|WR|MACRO|20021215|20051214|1111016811|0000054110|จ.สมุทรสาคร||12|12|0.00|0.00|150000.00|4166.67|4385.97|0.00|0.00||00000000|08|0000000004386|00|0000000000000|20021215|52631.58|0.00|2631.58|0.00|157894.74|157894.74|7894.74|144737.01|13157.91|39|03|00
PRO|AIS|วังคัน|WR 634|0000|RO|WR 634||GSM|WR|MACRO|20021215|20051214|1111016810|0000054110|จ.สุพรรณบุรี||12|12|0.00|0.00|120000.00|3333.33|3508.77|0.00|0.00||00000000|08|0000000003509|00|0000000000000|20021215|42105.26|0.00|2105.26|0.00|126315.78|126315.78|6315.78|115789.41|10526.31|39|03|00
E
